val_loss,val_acc,train_loss,train_acc
0.71780223,0.63099998,0.67318577,0.57200003
0.67175090,0.63999999,0.61921704,0.66079998
0.68241632,0.63000000,0.60888416,0.67900002
0.67580402,0.63499999,0.59855419,0.67940003
0.66085678,0.65799999,0.59718001,0.68519998
0.64826959,0.65399998,0.58899897,0.69019997
0.63436812,0.66500002,0.58028108,0.70200002
0.62665403,0.65499997,0.57646728,0.70539999
0.61915088,0.67199999,0.57081461,0.71200001
0.60216314,0.67000002,0.57068497,0.70319998
0.60171747,0.65899998,0.56593937,0.70639998
0.60039461,0.66799998,0.56419861,0.71380001
0.59326118,0.66500002,0.56486326,0.70620000
0.61066806,0.65799999,0.56302154,0.71340001
0.59467882,0.68400002,0.56143308,0.71219999
0.58768940,0.67100000,0.56524926,0.71120000
0.58773416,0.66700000,0.56015831,0.70760000
0.59143013,0.67500001,0.56081581,0.70940000
0.58760434,0.67699999,0.56171775,0.71100003
0.59371144,0.67199999,0.56107146,0.71679997
0.58851993,0.68000001,0.56061381,0.71100003
0.58362299,0.67000002,0.56043684,0.71359998
0.59024775,0.66700000,0.55655020,0.72160000
0.59048367,0.67000002,0.55563271,0.71240002
0.60049355,0.66500002,0.55608439,0.71319997
0.60221541,0.66299999,0.55988717,0.71719998
0.58746356,0.66799998,0.55449486,0.71960002
0.58918279,0.67000002,0.55578899,0.72240001
0.58942443,0.67600000,0.55742502,0.72180003
0.59083766,0.68699998,0.55549568,0.72039998
