val_loss,val_acc,train_loss,train_acc
0.71184146,0.61500001,0.67510110,0.56620002
0.66648108,0.59600002,0.62977624,0.64340001
0.69212550,0.63900000,0.62616640,0.65740001
0.71104628,0.63300002,0.60648710,0.67699999
0.72353941,0.62300003,0.59717762,0.68460000
0.63373548,0.65499997,0.59779364,0.68860000
0.67216605,0.63000000,0.58722103,0.70420003
0.59560716,0.68900001,0.57092977,0.71259999
0.59547734,0.67600000,0.56059355,0.71240002
0.60076088,0.67299998,0.56046492,0.71700001
0.57959670,0.68500000,0.54867792,0.73240000
0.57673675,0.68500000,0.54287976,0.72619998
0.57929683,0.68599999,0.54368967,0.72960001
0.57201278,0.69000000,0.54077774,0.73019999
0.57989430,0.68699998,0.54282314,0.72460002
0.57189423,0.70300001,0.54088253,0.72500002
0.56854779,0.70400000,0.53649771,0.73259997
0.57670522,0.68099999,0.53899729,0.73140001
0.57536888,0.68699998,0.53715301,0.72820002
0.58384037,0.70099998,0.53900242,0.73519999
0.57304537,0.69800001,0.54042965,0.73220003
0.58848906,0.67600000,0.53483194,0.73379999
0.58002448,0.70499998,0.53523862,0.73240000
0.58001792,0.70400000,0.53655553,0.72979999
0.57548207,0.68199998,0.53479069,0.73460001
