val_loss,val_acc,train_loss,train_acc
0.65800446,0.63999999,0.65619999,0.59579998
0.58617955,0.67199999,0.58893120,0.68800002
0.57162750,0.70200002,0.57392752,0.70459998
0.57097304,0.69999999,0.56336838,0.71380001
0.57663614,0.70700002,0.56105667,0.72320002
0.57358319,0.69000000,0.56455189,0.70940000
0.57057053,0.69199997,0.55967152,0.71600002
0.57006150,0.69400001,0.55611145,0.72079998
0.57929575,0.67400002,0.54945749,0.72180003
0.56784838,0.70300001,0.54728913,0.72259998
0.57091576,0.70700002,0.54689050,0.72420001
0.57564235,0.68900001,0.54318744,0.73040003
0.57382089,0.68099999,0.54289436,0.72839999
0.57837152,0.67900002,0.54825628,0.72500002
0.57386172,0.70899999,0.54828632,0.72899997
0.57676637,0.69400001,0.54380214,0.73360002
0.57658350,0.68400002,0.54530311,0.72740000
0.58353025,0.67600000,0.54411119,0.73339999
