val_loss,val_acc,train_loss,train_acc
0.74814844,0.62599999,0.66143441,0.59700000
0.72058296,0.63499999,0.64021552,0.63319999
0.76244068,0.63800001,0.62142295,0.65640002
0.68019599,0.63999999,0.61105549,0.67100000
0.66585696,0.64399999,0.59324837,0.69340003
0.66199070,0.65200001,0.59454644,0.68360001
0.68952590,0.66299999,0.58324403,0.70160002
0.69529939,0.63700002,0.57940793,0.69959998
0.64540851,0.65399998,0.57776451,0.70039999
0.63195705,0.66000003,0.57255960,0.70520002
0.61928380,0.65300000,0.57720017,0.70279998
0.64002508,0.66100001,0.56610751,0.71460003
0.63363701,0.66399997,0.56796312,0.71200001
0.60986799,0.66500002,0.56472969,0.71719998
0.64767116,0.65700001,0.55169487,0.72039998
0.58456761,0.68400002,0.54954207,0.72479999
0.58068007,0.68900001,0.54859108,0.72740000
0.58552241,0.67900002,0.54162318,0.73199999
0.58489752,0.68800002,0.54332483,0.72579998
0.58337152,0.68000001,0.53955257,0.73280001
0.58834219,0.67799997,0.54185021,0.73519999
0.57817084,0.70400000,0.53979260,0.73119998
0.59421188,0.67799997,0.54099572,0.72880000
0.58754170,0.69000000,0.53360647,0.73360002
0.59980130,0.67900002,0.54074258,0.72880000
0.59852409,0.67100000,0.53689617,0.73280001
0.58218896,0.68599999,0.53299260,0.73119998
0.59241760,0.66799998,0.53471822,0.73420000
0.58483875,0.69599998,0.53515130,0.73420000
0.59169590,0.68500000,0.53198159,0.73559999
