val_loss,val_acc,train_loss,train_acc
0.66197860,0.63400000,0.66222727,0.59020001
0.61116618,0.65399998,0.59676194,0.67919999
0.59564430,0.67699999,0.57326472,0.70599997
0.58438337,0.68000001,0.56132197,0.71759999
0.57539535,0.68400002,0.56192613,0.70840001
0.57890737,0.68199998,0.55253607,0.71960002
0.57520497,0.69099998,0.55074918,0.72240001
0.57276648,0.69900000,0.54859400,0.72539997
0.57341093,0.70099998,0.54708129,0.72359997
0.58595616,0.69999999,0.54975784,0.72500002
0.57721537,0.69199997,0.54570484,0.72680002
0.58536369,0.70400000,0.54589564,0.72860003
0.58574563,0.68699998,0.54142249,0.72560000
0.57705605,0.69400001,0.54258269,0.72659999
0.59630579,0.67400002,0.54329216,0.72420001
0.61056036,0.69999999,0.54306233,0.72719997
