val_loss,val_acc,train_loss,train_acc
0.67035556,0.62699997,0.66858441,0.56999999
0.67474169,0.63700002,0.62674195,0.65740001
0.71801776,0.63000000,0.61172229,0.67580003
0.68653482,0.65399998,0.60625190,0.67559999
0.65468162,0.64999998,0.59802955,0.68640000
0.62581128,0.66399997,0.58269846,0.70039999
0.64291894,0.66900003,0.58004367,0.69859999
0.61192489,0.66399997,0.58135408,0.70440000
0.60082966,0.67100000,0.56915623,0.70260000
0.59807289,0.68500000,0.56794137,0.70679998
0.60033125,0.66100001,0.56444484,0.71380001
0.59395021,0.66299999,0.56302655,0.71139997
0.59013003,0.67199999,0.56479919,0.71539998
0.59212035,0.68500000,0.55995029,0.71560001
0.58832079,0.69199997,0.56531882,0.70660001
0.59043729,0.68800002,0.55919337,0.71300000
0.58329159,0.68099999,0.55714232,0.71660000
0.59399766,0.68699998,0.55706954,0.72299999
0.58488709,0.68300003,0.55481219,0.71439999
0.59563220,0.67500001,0.55494732,0.72299999
0.60472959,0.68599999,0.55376220,0.71480000
0.59640157,0.66299999,0.55506378,0.72119999
0.58671993,0.68300003,0.55564094,0.71560001
0.58864224,0.68699998,0.55346173,0.71740001
0.59569442,0.66600001,0.55277544,0.72119999
