val_loss,val_acc,train_loss,train_acc
0.67592776,0.63000000,0.66698253,0.58099997
0.61681002,0.66500002,0.61974484,0.66219997
0.59283698,0.66000003,0.57986188,0.69540000
0.57414347,0.68800002,0.57010263,0.69919997
0.57637793,0.68800002,0.56622547,0.71340001
0.57923836,0.68099999,0.56015354,0.71820003
0.56979287,0.69599998,0.55865866,0.71880001
0.57047719,0.69999999,0.55402243,0.72600001
0.56878906,0.71300000,0.55021769,0.72299999
0.56608599,0.71700001,0.55792731,0.71780002
0.56475598,0.70800000,0.55051196,0.72259998
0.57280815,0.70400000,0.54996437,0.71439999
0.56541288,0.70300001,0.55024666,0.72340000
0.58729357,0.70300001,0.54603761,0.73360002
0.57360011,0.69999999,0.54527420,0.72320002
0.57613671,0.70800000,0.54599148,0.72399998
0.57561862,0.68500000,0.54823905,0.72160000
0.56509012,0.69300002,0.54614669,0.72820002
0.57102883,0.68599999,0.54033041,0.72719997
