val_loss,val_acc,train_loss,train_acc
0.67333472,0.62099999,0.67762190,0.56559998
0.68008125,0.61000001,0.63902563,0.64560002
0.66152728,0.62699997,0.62942767,0.64899999
0.64698827,0.64999998,0.61564040,0.66619998
0.69967592,0.63999999,0.60961473,0.67019999
0.63884044,0.66000003,0.59097546,0.69679999
0.63304561,0.66600001,0.58460742,0.69940001
0.61477196,0.66000003,0.57597214,0.70560002
0.61189896,0.64399999,0.57931054,0.69859999
0.59404439,0.68699998,0.57024330,0.70380002
0.60447282,0.66399997,0.57215399,0.70359999
0.60182917,0.65499997,0.56718391,0.71020001
0.59313846,0.65899998,0.56326860,0.71640003
0.59273481,0.67000002,0.56385285,0.71700001
0.59270972,0.68500000,0.56261218,0.71039999
0.60741097,0.64700001,0.56856960,0.70980000
0.58918166,0.67299998,0.56250435,0.70980000
0.59179336,0.66799998,0.55530447,0.72039998
0.59308171,0.66100001,0.55806768,0.71719998
0.58623058,0.68599999,0.55674773,0.71740001
0.59695631,0.65499997,0.55972576,0.71039999
0.59970677,0.68500000,0.55774856,0.72000003
0.58453554,0.67699999,0.55885679,0.71920002
0.58469450,0.68099999,0.55704534,0.71799999
0.58652949,0.68599999,0.55292821,0.72020000
0.58943653,0.68199998,0.55432999,0.72079998
0.58878297,0.67100000,0.55846244,0.71219999
0.60856795,0.65100002,0.55730653,0.71640003
0.58570296,0.68300003,0.55275428,0.71579999
0.58225387,0.68099999,0.55223799,0.72240001
0.59180158,0.67500001,0.55319589,0.72240001
0.58860254,0.67199999,0.54787767,0.72680002
0.59108132,0.68000001,0.54620373,0.72439998
0.60367584,0.65799999,0.55086130,0.72439998
0.59644723,0.68400002,0.54782617,0.72119999
0.60298359,0.66200000,0.55076844,0.72539997
0.60592061,0.65399998,0.54879445,0.72160000
0.60503370,0.65899998,0.54591709,0.73019999
