val_loss,val_acc,train_loss,train_acc
0.67613220,0.63000000,0.66601819,0.57980001
0.68337613,0.63099998,0.62757200,0.64999998
0.60267544,0.68400002,0.60206205,0.68019998
0.62200767,0.63400000,0.57140648,0.70400000
0.57599467,0.68699998,0.56825137,0.70859998
0.57380027,0.68699998,0.55721754,0.71520001
0.58974415,0.67000002,0.55407721,0.71600002
0.57854468,0.67699999,0.55985969,0.72140002
0.58197385,0.67699999,0.55450892,0.71759999
0.58431321,0.67000002,0.55941308,0.71219999
0.57601792,0.68800002,0.55039907,0.72259998
0.58397025,0.69700003,0.54741472,0.72219998
0.57941538,0.69099998,0.54884195,0.72560000
0.57509780,0.69499999,0.54875350,0.72280002
