val_loss,val_acc,train_loss,train_acc
0.67766243,0.62900001,0.66186106,0.60299999
0.65951675,0.61900002,0.62433577,0.66140002
0.66520149,0.62800002,0.61516976,0.67259997
0.68058366,0.66299999,0.59279895,0.69180000
0.60978997,0.66700000,0.57118845,0.70920002
0.58779860,0.67500001,0.56335819,0.71939999
0.57838929,0.69099998,0.55757105,0.71759999
0.57373786,0.68900001,0.55309385,0.72160000
0.57814819,0.69000000,0.55263186,0.72060001
0.58478582,0.66799998,0.54757404,0.72500002
0.57521534,0.67799997,0.54586649,0.72640002
0.58874756,0.69999999,0.55066502,0.72100002
0.57052171,0.68800002,0.54539615,0.72659999
0.57207149,0.69400001,0.54176068,0.72880000
0.57594001,0.68199998,0.54149449,0.72920001
0.57776368,0.69599998,0.54037595,0.73040003
0.57992607,0.69300002,0.54167497,0.72799999
0.57124019,0.69000000,0.54046643,0.73000002
0.57388926,0.70499998,0.53915489,0.72939998
0.61506921,0.68099999,0.53900349,0.73119998
0.58259237,0.67600000,0.53931701,0.73360002
