val_loss,val_acc,train_loss,train_acc
0.66513479,0.62900001,0.66676295,0.57940000
0.67939764,0.62300003,0.63449597,0.63940001
0.65272379,0.64399999,0.61194354,0.67860001
0.67552602,0.64300001,0.60208201,0.68199998
0.67990839,0.65399998,0.59298432,0.68820000
0.63142127,0.66100001,0.58300865,0.69739997
0.62809110,0.67400002,0.57571924,0.70639998
0.61074167,0.66700000,0.57265043,0.70520002
0.64428806,0.67600000,0.56347561,0.71200001
0.60106415,0.67900002,0.56469458,0.71499997
0.66365045,0.64099997,0.56106877,0.71219999
0.64569277,0.65700001,0.55770916,0.71820003
0.61628377,0.67500001,0.56205469,0.70719999
0.62803793,0.66900003,0.55915344,0.71340001
0.59765941,0.67799997,0.55764169,0.71420002
0.59690577,0.67799997,0.54763341,0.72579998
0.61654681,0.67199999,0.54967844,0.72180003
0.60846126,0.67799997,0.54501557,0.72119999
0.60045934,0.66399997,0.54515755,0.72680002
0.62367368,0.66799998,0.54304636,0.72759998
0.61009312,0.67100000,0.54638875,0.72119999
0.62200969,0.66799998,0.54703987,0.72160000
0.60685205,0.67600000,0.54228055,0.72719997
0.64815199,0.66399997,0.53577667,0.73060000
