val_loss,val_acc,train_loss,train_acc
0.69855523,0.62300003,0.66441643,0.58219999
0.70397615,0.63200003,0.62637639,0.65200001
0.70465899,0.63300002,0.61532342,0.66500002
0.66600233,0.65200001,0.60213482,0.67919999
0.64751434,0.65300000,0.58278418,0.69739997
0.60743088,0.64800000,0.57838547,0.70179999
0.59258866,0.66799998,0.57293069,0.70240003
0.60013616,0.68400002,0.57179856,0.71539998
0.61246395,0.66500002,0.56564099,0.70260000
0.60275978,0.66900003,0.56620246,0.71039999
0.59554279,0.66700000,0.56470478,0.71420002
0.60038382,0.66200000,0.56483847,0.71359998
0.59672570,0.68300003,0.56269312,0.71579999
0.60450387,0.65499997,0.56348741,0.71120000
0.59256262,0.69099998,0.56283844,0.71120000
0.60065144,0.67500001,0.56060940,0.71340001
0.60286701,0.67400002,0.55843341,0.71859998
0.58587140,0.68400002,0.56105816,0.71060002
0.58460325,0.69000000,0.56193697,0.71120000
0.58330190,0.67699999,0.56034231,0.71460003
0.58715391,0.68400002,0.55640173,0.71600002
0.60636646,0.68400002,0.55696374,0.71259999
0.58536726,0.69099998,0.55517131,0.71880001
0.58857411,0.67000002,0.55945146,0.72160000
0.59075540,0.66299999,0.55695939,0.71980000
0.58201194,0.68099999,0.55331922,0.71880001
0.59038359,0.68300003,0.54841644,0.71980000
0.59471637,0.67000002,0.55132872,0.71679997
0.59510881,0.68199998,0.55133557,0.72000003
0.59271681,0.67000002,0.54988426,0.71679997
0.59925240,0.66900003,0.54818326,0.72539997
0.59248066,0.67100000,0.54696983,0.72359997
0.60826093,0.67000002,0.54566693,0.72240001
0.58390731,0.68300003,0.54823273,0.72659999
